buckling_p1: 73.88030296396829
buckling_p2: 208.39922827125577
buckling_p3: 2241.035856573705
gamma_fsi: 29.182033996588128
ka: 426863.9726807057
kb: 227.49233495497705
kbt: 1.0
mg: 0.0037311935807422267
mu: 229849.8314434569
mvert: 0.06189998184780346
mw: 1.0
nevery: 1000
nevery_eq: 1000
nverts: 642
tot_area: 200.10388374369168
tot_volume: 265.7754122943004
ue: 4.1415e-21
um: 5.192708333333333e-18
ut: 8.852341115040182e-06
uvis: 2.346366126588091e-06
visw_dpd: 379.3099422613004
