a3: 0.0
a4: 0.0
b1: 0.0
b2: 0.0
gammaC: 0.0
kBT: 1.0
ka: 426863.9726807057
ka_tot: 0.0
kb: 227.49233495497705
kv_tot: 0.0
mu: 229849.8314434569
tot_area: 200.10388374369168
tot_volume: 265.7754122943004
